8218
626
635
637
971
4470
4471
4514
4418
7439
7446
9841
9923
11012
13624
14540
15724
16650
16666
17249
17256
17257
22333
23324
23413
23864
946
1007
3778
7458
16687
3785
10026
10027
11033
13018
13686
13728
13734
14471
15771
17678
17867
20207
23476
23477
23479
23487
23491
731
2790
2791
2795
3838
4630
4631
6661
7607
23474
4394
4404
10127
10708
12301
19029
20998
23171
28964
27863
316
324
782
803
1587
2021
2025
2028
2917
2941
4688
4725
4732
5322
6114
6170
5944
5945
5948
6097
7081
8176
9540
9546
9548
9776
10535
10542
10544
10545
11800
11361
12951
12953
12993
12994
13202
13815
13816
16031
16354
18047
18048
19981
18051
19685
19992
19993
18054
19982
18062
18064
18065
18070
18071
19333
19439
20925
22475
22478
22481
24393
25989
25990
25240
27832
28102
30164
30892
30738
379
434
807
864
866
1622
1808
2126
2137
2139
2144
2145
2148
2194
2197
3004
3009
3013
3956
3987
4004
4054
4130
4814
4871
4877
4878
4879
5709
5736
6842
6858
6903
7303
7798
7799
7800
8490
7874
8247
9181
9182
9217
9800
9238
9282
10348
12011
11501
11542
11543
11544
11545
12753
12863
12865
12873
13859
13901
14504
14508
14511
15012
15022
15618
15621
15037
15038
16322
15063
16093
17091
17099
17607
18141
19618
19620
19621
19622
19623
19624
19625
21995
20034
20035
21047
20772
21402
21424
22928
21076
22057
22091
22152
22537
22558
22559
23349
26454
24461
23820
24798
24800
24801
24802
24803
24804
24995
24752
26243
26444
25369
26455
26729
27145
27151
27154
27883
27898
28917
29186
29187
29361
29386
3666
494
325
326
900
27259
2207
2227
3214
3223
4197
4199
5294
2204
5790
7210
7211
5838
6112
6932
6942
6945
10415
10461
12878
12884
14016
14021
15132
15136
15316
16613
5828
6186
15614
16281
17494
17180
17654
17615
18218
18224
18248
19699
19935
19570
22164
21081
20585
22189
20952
22104
22106
22108
23053
23240
24639
24641
24661
21563
22650
22651
27205
5287
5288
12028
16434
21831
957
967
5887
8552
8021
9759
8636
9875
9456
9506
11779
12290
12926
12928
15211
15214
15220
15239
15247
18479
1463
17708
17709
25104
25105
25106
366
18
1522
19
21
606
624
634
642
1867
1872
1878
1882
2522
2539
2548
2549
3364
3498
3499
3744
4374
4395
4396
3752
4475
4499
5415
5427
6396
7246
7247
6413
6417
6418
6419
6436
8585
8936
9915
9922
9926
8584
12383
12392
13426
13427
13429
13431
13432
13433
13434
13619
13625
13637
14436
14444
14334
15546
14335
14603
15718
17735
19940
18927
20882
20883
19709
21854
21855
17251
17252
22327
23377
24307
24309
24310
26006
26974
27059
29116
29127
29128
65
6167
7453
7461
11029
2735
2736
2737
2738
12461
14231
13733
14664
15497
14668
15747
16527
16528
15804
18885
18987
18997
22359
24280
23494
27065
8582
23406
27072
119
747
1967
3829
3871
7270
5579
6178
6669
7569
7637
9100
9143
11236
11821
14208
14800
16000
20074
20339
21949
22006
22442
23577
444
5130
5135
6042
6155
6156
6157
6759
11957
15467
15468
15469
15470
15557
22810
22812
28432
3519
303
787
794
2023
2050
2052
2053
2931
3931
4744
7263
7264
6377
6383
6385
6386
7196
7197
7198
7199
7208
6389
7060
7155
8197
10563
11273
13831
13832
14904
17011
18638
24458
25221
376
846
883
1627
2131
2193
2967
3012
3051
3090
4369
3097
4062
4157
5638
5640
6870
9283
9284
9328
10290
10291
11431
11683
12809
12831
12868
13373
13900
14219
15039
18843
3970
3972
4005
4898
10292
13889
13893
17089
17120
18684
18685
18189
18726
19534
20959
19560
19692
20864
20866
20867
20369
20377
20442
22082
21466
9070
10783
11060
15748
16529
20966
741
3969
23336
23362
25377
25986
26040
26118
26144
26172
26173
28373
27324
27943
27363
27421
27422
27423
27473
27525
27564
27821
27970
30627
30834
28929
29071
29072
1105
1107
1108
62554
905
914
1667
3181
3184
3191
4180
5353
5356
5761
5764
7182
5797
6976
7367
9761
12025
12033
12036
11743
11871
11714
12248
12264
12273
13218
13445
13454
13506
13989
13990
13991
15547
14347
15093
15113
17188
18636
19913
19915
20635
20546
20633
20789
20851
23103
24329
25488
27598
26954
27434
27462
29633
29635
13409
13410
13411
27865
27866
28474
28475
2248
2300
5885
14031
16177
16453
16454
17677
16192
16193
16196
16198
16199
16201
16202
16203
16442
16443
16444
16446
16615
16616
16617
16640
17312
17413
17545
17555
17562
17602
17641
17642
17660
18670
18671
18672
18706
18721
18749
17305
