17708
17709
25105
366
18
19
21
606
624
634
642
1872
1878
1882
2522
2539
2548
2549
603
1867
3364
3498
3499
3730
3744
4374
4395
4396
3752
4475
4499
5402
5403
5405
5415
5425
5426
5427
6396
7246
7247
6413
6417
6418
6419
6436
7417
8582
8584
8585
8936
9915
9922
9926
11016
12355
12383
12392
13426
13427
13429
13431
13432
13433
13434
13619
13625
13637
14436
14444
14334
15546
14335
13428
14603
15718
17251
17252
17735
19940
18927
20882
20883
19709
21854
21855
22327
23293
23377
23406
24309
24310
25562
26006
26974
27059
29116
29117
29128
65
2669
4536
6167
7453
7461
15741
21280
2736
2737
2738
5487
9071
10871
9072
12414
12461
13122
14231
13733
14226
14429
14664
15497
14668
15502
14676
15747
16527
16528
15785
15786
15804
16753
18885
18987
18997
22359
24280
23494
23495
23498
26229
27065
29129
27072
27073
27669
747
764
1967
2831
3496
3829
3830
11030
2735
3849
3871
4615
4617
4618
7259
7270
7271
5579
5580
6669
7569
7636
7637
9100
9810
10123
10808
11981
11982
12211
11241
12062
11821
14340
14208
14800
16000
19686
20074
20306
20339
21949
22006
22853
22442
23022
23577
1423
48
444
5130
5131
5135
5140
6042
6154
6155
6156
6157
6749
6766
7216
8365
8366
11957
13093
14261
15467
15468
15469
15470
17381
21805
21806
22811
22812
25620
26989
27761
28432
303
787
790
794
796
802
1575
1730
2023
2049
2050
2051
2052
2053
2931
2950
3550
3551
3931
3945
3954
4742
4744
7264
5910
6376
6377
6380
6383
6384
7171
6385
6386
7196
7197
7198
7199
7208
6387
6388
7060
7155
7327
8197
10563
11252
11273
13830
13831
13832
14904
17008
17011
18638
20804
23223
24458
25221
25791
28548
28549
376
846
883
884
885
1613
1628
2131
2193
2960
2967
3012
3051
3090
4369
3146
3459
4002
4062
4104
4156
4813
4843
4884
5630
5638
5640
5693
6791
6802
6869
6873
7869
7881
9285
9328
10289
10293
10380
10799
11431
12056
11502
11534
13195
11683
12831
12866
12868
13373
13900
14219
14220
15593
15039
15056
16070
16623
17464
14259
3970
3972
4005
4896
4898
5639
5641
5642
10292
13889
13893
16084
17089
17120
18188
18684
18685
18189
18726
18789
19534
19560
19692
20864
20865
20866
20867
20366
20377
20442
21432
22082
21466
22001
21488
21498
21507
23113
22068
22182
22328
9070
11059
11060
15748
16529
17420
20966
10807
3969
2146
16047
23336
23362
23815
26219
23818
24875
25267
25707
25986
26040
26135
26136
26144
26145
26172
26173
26183
26341
26456
26700
28373
27324
27334
27943
27363
27421
27422
27423
27473
27525
27564
27821
27961
27970
30627
30834
28929
29072
1107
62554
503
1513
905
914
1667
3181
3184
3191
3265
4180
5353
28196
4947
4949
6146
4950
4953
5356
4994
5752
5761
5764
5769
7182
5797
5800
5808
5832
6976
7367
7404
9761
9392
9419
11713
12025
12033
12036
11716
12037
11732
11977
11871
11714
12248
12264
12273
12281
13218
13136
13445
13454
13506
13989
13990
13991
15547
14347
15093
15113
15177
15658
17188
18757
18256
18636
19568
19913
19914
19582
20630
20631
20635
21074
20546
20633
20789
20828
20851
23103
24329
25488
27598
26954
27434
27462
30279
30282
30283
29633
30336
29635
30359
13410
13411
27865
27866
27867
27869
28474
28475
28477
1695
2248
2300
5885
7019
14029
14031
15263
16177
16453
16454
17677
16192
16193
16195
16196
16198
16201
16202
16203
16443
16446
16447
16449
16612
16615
16616
16621
16640
17413
17414
17555
17561
17562
17602
17603
17641
17642
17660
18671
18672
18706
18720
18729
18749
18750
17305
21390
21391
4418
8218
12318
615
635
637
971
4514
6398
7415
8588
7439
7446
9841
9923
11012
12331
12389
13612
13624
13654
14474
15567
15724
16650
16666
17249
17256
17257
22332
22333
23324
23355
23413
23860
23863
26395
27888
1007
3778
5241
6266
6294
7458
13676
14405
16687
19711
29415
2707
3784
10025
10026
11033
13018
13686
13734
14471
14675
15771
17678
17867
20207
23473
23474
23476
23477
23479
23480
23487
23491
26421
3662
731
4390
4394
4628
4630
4631
4632
4633
6269
6284
6661
7607
7610
9141
10127
10708
10878
10887
13796
14683
16580
19887
19029
20291
20998
23171
23172
25049
28964
2795
27863
324
782
803
962
1586
1587
2014
2025
2026
2027
2035
2038
2916
2917
2922
2933
2941
3933
4688
4725
4732
5322
6114
6170
4741
5936
5937
5938
5939
5941
5942
5944
5947
5948
5949
6097
7069
8190
9540
9546
9548
9568
10542
10544
10545
11800
11361
12951
12953
12993
12994
12995
13202
13241
13248
13812
13813
13815
13816
15553
16023
16031
17578
18047
18048
19981
18051
19992
19993
18053
18054
18875
18062
18063
18066
18067
18068
18070
18071
19333
19439
20925
21384
22475
22481
23638
24392
24393
25240
27832
29235
28102
30164
30892
30738
348
350
352
361
367
377
379
434
435
807
808
827
841
864
866
1622
1623
1643
1808
2096
2126
2130
2133
2136
2137
2138
2139
2140
2143
2144
2145
2148
2194
2197
2959
3000
3009
3013
3047
3048
3049
3054
3102
3104
3956
3971
3973
3974
3988
4004
4054
4130
4814
4815
4841
4871
4876
4877
4878
4879
6903
7302
7303
4916
5644
5708
5709
5733
5735
6367
6368
5736
6781
6801
7265
6858
6880
6881
7798
7799
7800
8490
7826
7887
8247
8252
9181
9231
9800
9809
9238
9239
9264
9265
9266
9267
9268
9282
9286
9287
9291
9295
9309
10315
10332
10348
10379
12011
11432
11501
11540
11541
11542
11543
11544
11545
12753
12827
12833
12834
12863
12865
12873
13859
13887
13896
13901
13903
13962
13963
14504
14507
14508
14509
14510
14511
14512
15012
15618
15037
16322
15063
16093
17085
18828
18829
17099
17607
17129
18163
19618
19621
19624
19625
21995
19745
20034
20035
20443
21047
20772
21075
21076
21402
21424
21451
21457
22928
21493
21495
21513
22040
22090
22091
22152
22227
22537
22544
22558
22559
23284
23192
23349
24384
23669
23670
23781
23783
23784
24461
23820
24751
24796
24798
24799
24800
24801
24802
24803
24804
24995
26296
24806
24812
26243
26346
26444
24911
25369
6795
10242
19619
19620
17123
26264
26394
26455
26715
26729
27145
27151
27154
26907
26909
29244
27341
27781
27784
27800
27812
27898
29349
28917
29146
29186
29187
29333
29361
29386
29414
29462
494
541
891
900
907
921
924
2204
2207
2227
2452
3214
3217
3218
3223
3224
4361
3280
30712
325
4199
5768
5789
5802
5820
5827
5828
6186
7210
7211
5838
6107
6112
6932
6942
6945
9387
9845
10450
10461
11731
12205
12098
12187
4179
4197
5294
6263
10415
12878
12883
12884
12885
12906
12886
14408
13399
13987
14431
14000
14021
14473
15614
15132
15136
16564
15316
16281
17494
17654
17228
17615
18224
18232
18233
18783
18838
18856
19699
19935
19570
19752
22164
21081
20547
20585
22189
20952
20788
21560
21561
22105
22106
22107
22108
23053
23054
23211
23239
23240
23319
23339
24612
24639
24641
24661
21563
21707
22650
22651
27205
5287
5288
5289
6161
6162
10898
12026
12028
13416
13417
14273
16434
17411
18433
18438
19868
19880
19881
21830
21831
22831
22832
942
957
967
2237
326
16613
18218
24489
13414
16465
22829
2251
5887
6997
8552
8021
9759
8636
9875
9456
9506
11779
12290
12292
12293
12926
12928
15211
15214
15220
15239
15247
18479
18423
19968
19969
