17708
17709
25103
25105
366
18
19
21
606
624
634
642
1872
1878
1882
2522
2548
2549
1867
3498
3499
3744
3363
4374
4395
4396
3752
4475
4499
5415
5427
6396
7246
7247
6413
6417
6418
6419
6436
8582
8584
8585
4373
8936
9915
9922
12392
13426
13427
13429
13431
13433
13434
13619
13625
13637
14436
14444
14334
15546
14335
14603
17251
17252
17735
19940
18927
20882
20883
19709
21854
21855
23377
23406
24309
24310
26974
27059
29116
29128
65
4541
6167
7453
7461
2736
2737
2738
12461
14231
13733
14664
15497
14668
15504
15747
16527
16528
15804
18987
18997
22359
24280
23494
27072
125
1967
2735
3871
5549
6178
6668
6669
7569
7636
7637
9100
9810
14208
14800
16000
20074
22006
22442
23577
5130
5135
6155
6157
7216
22810
22811
22812
303
787
790
794
802
2023
2052
2053
2931
2950
3945
5906
6383
6385
7196
7197
7198
7199
7208
7344
6389
7060
7155
8197
10563
11273
14904
17011
18638
24458
25221
344
376
846
1613
2131
3012
4369
3097
4062
4843
5693
6802
9284
10290
11683
12868
13373
13900
14219
17464
18843
17687
4005
13893
18188
18684
19692
20864
20867
20442
21488
16529
3969
25377
26040
26118
26135
28373
27324
27821
27970
30627
30834
28929
1104
62554
1513
513
905
1667
3181
3184
3191
4180
5353
5356
5761
5764
7182
5797
6976
7367
9761
11713
12025
12033
12036
11715
11714
12264
12273
13218
13445
13454
13989
13990
13991
15547
14347
15093
15113
18636
20635
20633
20851
23103
24329
25488
27598
26954
27434
27462
30336
29635
30359
13410
13411
27866
27867
27869
28474
28477
2248
2300
5885
14029
14031
16177
16453
16454
17677
16192
16193
16194
16197
16198
16201
16202
16445
16446
16449
16615
16616
16617
16640
17660
18671
17305
18089
4418
8218
635
637
4514
7415
8588
7439
7446
9841
9923
11012
13624
15724
16650
16666
17249
17256
17257
23324
23413
3778
6266
6294
7458
16687
12441
13018
13734
15771
17678
23473
23474
23476
23477
23479
23487
23491
2424
4394
4630
4631
6661
7607
10127
19029
20998
28964
2791
27863
324
782
784
803
1587
2025
2028
2941
4688
4725
4732
5322
6114
6170
5944
6097
7081
8190
9540
9546
9548
10542
10925
11800
11361
12951
12953
13202
13812
13815
13816
15553
16031
18047
19981
18051
18054
19982
18062
18063
18066
18067
19333
19439
20925
22475
25240
27832
30164
30892
30738
379
807
864
866
1622
1808
2139
2143
2145
2194
3000
3009
3013
3048
3105
3956
3974
4054
4812
4871
4876
4877
4879
6903
7302
6361
5708
6781
6858
7798
7799
7800
8490
9180
9217
9218
9231
9800
9809
9238
9239
10332
10348
10379
11501
11541
11544
12753
12863
12873
15012
15063
16093
17091
17607
21976
21995
21047
21402
21424
22928
22091
22558
22559
23349
23820
24798
26444
17123
26729
27145
27151
27154
26907
494
900
2207
2227
3214
3223
325
4199
5838
6112
6932
6942
6945
10461
4197
5294
12884
13987
14016
14021
15614
15132
15136
15316
16281
17494
17654
17615
18224
19699
19935
19570
22164
21081
20585
20952
21558
21560
22105
22106
22107
22108
22109
23054
23211
23240
23339
21563
22650
22651
27205
5288
12028
21831
957
967
326
16613
18218
8552
8021
9759
8636
9434
9875
9456
9506
11779
12290
12926
12928
15211
15214
15220
15239
15247
18479
