ObsId
16141
10310
10676
3098
1578
18072
18073
18069
2042
598
4576
847
874
800
62520
23110
897
4175
82
2010
2783
2017
2494
2077
7064
7067
13825
13826
13827
13828
14195
15267
14196
14197
14198
861
370
3057

4373
11019
2561
29730
3744
3411
3726
6315
6316
6317
5366
6318
5368
6338
6339
6340
5369
6341
6342
6343
5370
6350
6352
6281
6325
6326
63273412
6351
6327
6328
6329
7405
8216
8217
8219
8220
12317
12318
25999
26000
615
630
1873
2552
2578
2581
3759
3760
4484
4510
5385
5386
5387
5421
6398
6423
6431
6439
3412
7421
7425
7427
7429
8559
7442
7447
8904
8915
8919
9927
9931
10995
10996
11014
11022
12326
12331
14235
12354
12364
12366
12369
12376
12380
12384
12385
12389
12393
12395
12396
12397
12398
13603
13606
13607
13608
13609
13612
13618
13642
13653
14421
13654
13659
13661
13665
14401
14402
14459
14474
15565
15566
15567
14530
14588
14590
14593
14600
15536
15537
15624
15642
15702
15707
15708
15711
15713
15714
15716
15717
15720
15725
15726
16577
16631
16647
18756
16649
16651
16652
17534
16660
16661
16662
16668
16683
17254
17255
17321
17322
17728
17733
20066
17736
17745
17755
17759
17762
18724
18725
18894
18895
18896
20060
20061
18897
18898
20056
18899
18900
18901
18902
20057
18903
18917
18918
18919
18920
18925
18928
20138
20163
20164
20618
20619
21159
21160
21161
21182
21189
21191
21192
22012
22300
22301
22302
22332
22351
23197
23320
23322
23323
23353
23355
23392
24899
23393
24503
24991
23416
23861
23862
23863
23865
24974
25088
25118
25808
25809
25121
25122
26232
26267
26375
26376
26395
26409
26410
26424
26425
26437
26495
29375
26497
27327
27527
27611
27620
27674
27720
27722
27795
27796
27871
27872
27888
27902
28363
29239
29240
29156
29157
29229
29288
29352
29353
29381
29407
29420
29421
29434
30739
30749
30877
30930
86
653
1519
1899
2503
2676
2678
5241
4530
4542
4543
4544
5436
7290
6560
7457
8947
8954
8964
8972
9867
9868
9952
9963
11025
12403
12404
13676
14405
13677
19711
23179
26411
26412
27350
27813
27842
27903
27908
27909
29415
29419
2707
3717
2751
3422
3784
4562
9026
10025
11032
11034
11075
12143
12465
12473
12536
13722
13724
13725
13726
13727
13731
14454
14442
14630
14675
15603
15756
15757
15758
15759
15760
15782
15783
16476
16477
16561
16714
16743
16744
16747
18801
17558
17559
17786
17845
17863
17866
17868
17869
18955
18988
19891
20180
20181
20208
22080
20830
20860
20861
20936
20937
20938
20939
20945
20994
20995
21080
21090
21092
21203
21204
21205
22370
22372
22400
23160
23106
23116
23445
23446
25680
23472
23478
23480
23481
25689
23482
23483
23484
23485
23486
23488
23489
23490
24986
25131
26371
27751
25167
26247
26289
26421
26518
26519
27482
27524
28038
28039
28041
29167
28044
28867
28868
28925
30840
3662
732
735
767
768
952
1043
1047
1048
1959
1971
1972
2424
2760
2764
2779
2824
3673
3436
3437
3835
4385
4386
4387
4388
4389
4390
4391
4392
4393
4405
4417
4425
4604
4627
4628
4629
4632
4633
4642
4659
4660
5191
5518
5519
5577
5588
5589
5591
6269
6284
6293
6727
6729
7564
7570
7577
7609
7610
7643
8457
9093
9099
9104
9105
9107
9121
9122
9134
23475
3920
3921
9853
9862
10118
10119
10122
10124
10125
10875
10140
10573
10707
10863
10878
10887
10709
10909
10710
10910
10912
11104
11105
11122
13199
11226
11237
11250
11827
12023
12024
12229
12562
12563
12564
12618
12619
13256
12668
12696
12699
13262
13285
13435
13737
13738
14424
13739
13740
13741
13742
14423
13743
13763
13764
13765
13769
13772
14445
14446
13781
13782
13791
13796
14230
14237
14341
14382
14398
14412
14420
14435
14464
14683
14793
14794
14796
14807
14809
14815
14816
14817
16542
14828
14885
14886
15268
15362
15634
15635
15663
15869
15872
15873
15986
15999
16006
16556
16580
16601
16618
16755
16759
16768
16769
16961
16962
18764
18765
18766
17455
17550
17586
17658
17672
17673
17878
19887
17890
17891
17893
18032
18802
18827
18879
18880
19023
19024
19025
19026
19028
19030
19033
19034
19035
19036
19037
19038
19039
19040
19164
19278
19279
19294
19296
20977
19298
19304
19999
20055
20278
20279
20289
20290
21665
20291
20305
20315
20316
20319
20320
20728
20997
21082
20999
21001
21005
21040
21302
21307
21322
22157
22158
21323
23183
23184
23185
21349
21371
21372
22736
22737
21660
22434
22448
24859
22449
24912
22450
22677
24887
24888
24889
23133
23140
23141
23172
23314
23315
23316
23331
23542
23558
23559
23561
23562
23563
23565
23566
23567
23578
23579
23580
26218
23581
23582
23869
24336
24337
26223
23870
24923
24924
24708
24909
24910
25049
25050
25064
16959
16960
25182
25183
25184
25186
25187
25188
25189
25203
25205
27843
25212
27624
27625
27626
25213
27815
25218
25219
27567
25527
25733
25734
25528
27088
27089
27090
27091
27731
27752
27753
27754
26019
27858
26612
27686
27687
27688
26613
26616
27859
26617
26624
26625
27833
26626
27835
27895
27905
27906
27907
26627
27837
27838
28991
28997
28998
28999
29031
29032
29033
29034
29054
29055
29056
26631
26632
26638
28876
26639
28965
28966
26640
29306
26647
29279
29280
26649
26658
26660
27755
26661
26662
27102
27103
27104
27105
29118
26663
26664
27862
28374
27933
28053
28075
29471
28077
28358
28523
28524
28525
28526
28527
29370
29377
29395
29397
29398
29399
30920
30112
30113
30867
30903
30904
30916
29035
29036
29317
29380
29383
29384
30710
30797
30852
30917
1520
315
318
321
322
323
784
785
788
792
793
797
798
804
805
934
962
1563
1579
1586
2014
2015
2016
2018
2020
2024
2026
2027
2029
2030
2031
2032
2033
2035
2038
2039
2040
2043
2044
2060
2061
2062
2063
2064
2065
2068
2070
2071
2072
2073
2076
2078
2079
2402
2879
2883
2884
2916
2918
2919
2920
2921
2922
2926
2927
2928
2929
2930
2933
2934
2939
2940
2949
2955
3394
3925
3926
3928
3929
3932
3933
3950
3951
3952
4415
4687
4689
4692
4693
4694
4695
4724
4726
4727
4728
4729
4730
4731
5297
5300
5309
4733
4734
5337
5338
5339
5340
4735
6115
6118
4736
6152
4737
6169
6175
4738
4739
4740
4741
4743
4745
5197
5902
5907
5908
6131
5909
6249
5911
5912
5913
5921
5922
5923
5924
7224
5929
5930
5931
5935
5936
5937
5938
5939
5940
5941
5942
5943
5946
5947
5949
6096
7069
7071
7073
7074
7075
7076
7077
7078
7079
7080
7142
7143
7147
7148
7153
7154
8174
8177
8179
8180
8181
8182
8507
8188
8524
9509
9510
9511
9772
9512
9513
9514
9517
9519
9527
9528
9532
9533
9535
9536
9537
10868
9538
9539
9541
9542
9543
9544
9545
9549
9551
9552
9553
9556
9557
9558
9568
9569
10528
10529
10530
10531
10532
10533
10534
10540
10541
10543
10925
10548
10550
10565
10566
11260
11261
11268
12095
11269
12124
11270
11271
11274
11283
11285
11286
11287
11288
11289
11290
11293
11302
11310
11311
11313
11314
11316
11322
11325
11327
11329
11330
11337
11339
11362
11363
11367
11368
11369
11373
11375
11376
11377
11379
11380
11381
11382
11383
11384
11385
12952
13246
13247
13253
13255
12955
12956
12975
14328
12976
12977
12978
12980
12982
12983
12984
12985
12986
12987
14391
12989
12992
12995
12996
13241
13248
14332
14342
13012
13015
13295
13808
13810
13811
13812
13813
13814
15496
13820
13817
13819
13821
13822
13824
13829
14896
14900
14901
14902
14903
14905
14906
14907
14908
14909
14910
14911
14912
14913
14926
14932
14933
14934
14935
14936
14937
14939
15329
15382
15383
15385
15386
15387
15388
15389
15390
15648
16017
16018
16022
16023
16024
16025
16026
16027
17487
16030
16032
16033
16260
16261
16262
16302
16346
16347
16967
16968
16969
16971
18845
16973
16975
17006
17019
17020
17458
17459
17461
17462
17578
18039
18040
18041
20076
18049
18050
19688
19991
18052
18817
18053
18875
18066
18067
18068
18455
18456
19305
19307
20947
19315
19318
19319
19320
19322
19324
19328
19329
19330
19331
20012
20013
20014
19332
21034
21035
20934
20935
20946
19334
19335
19336
19338
19339
19341
19342
19343
19344
19346
19347
19349
19350
19351
19352
19353
19355
19357
19359
19360
19361
19362
19363
19364
19365
19366
19367
19369
19370
19371
19372
19373
19374
19375
19376
19377
19378
19379
19380
19381
19383
19384
19385
19386
19387
19388
19389
19390
19391
19392
19393
19394
19395
19398
19400
19401
19405
19406
19408
19411
19412
19413
19415
19417
19422
19424
19425
19427
19429
19433
19435
19438
19440
20924
20926
20348
20351
20612
21068
21069
21376
23037
23189
23200
21377
21378
22061
22062
22100
22101
22102
21381
21383
23033
23034
21384
21385
21386
22970
22971
23123
23269
23343
23344
21647
21648
22474
24884
25083
22476
24885
24886
22477
25084
22479
22483
22484
22485
22487
22488
22489
22490
22491
22492
22493
22494
22495
22496
22497
22498
22499
22500
22501
22502
22503
22504
22505
22506
22507
22508
22509
22510
22511
22512
22513
22514
22515
22516
22517
23351
23599
24438
24439
24440
24441
24442
24979
24377
26284
23602
24476
24925
24927
14384
14419
19442
20342
24981
22194
22482
26354
23600
23601
23615
23616
23617
23618
23619
23620
23621
23624
23625
23626
23628
24299
23629
24502
25028
23632
23634
26273
23636
24915
23638
24392
25012
25080
25220
25777
25778
25779
25780
25781
25782
26484
26485
26486
26487
25222
25692
26253
27830
27831
25228
25736
25737
25738
27257
25235
25238
27892
27262
25241
25242
25812
25813
25243
27698
29366
26679
27110
27111
29235
29236
29282
27362
27774
27775
27593
27766
27787
27794
28095
28096
28103
28105
28106
29188
28110
28117
28118
28125
30633
30634
30635
30636
28787
29176
29177
29178
28788
29123
29303
29304
29365
29373
29646
30155
30731
30732
30815
30816
30160
30163
30165
30167
30171
30173
30893
30894
29665
30179
30728
30905
30942
29667
30975
29668
30678
30679
30680
30181
30182
30796
29670
30714
30715
30716
30717
29886
30766
30864
348
350
352
354
358
361
1302
362
363
367
375
377
419
427
435
808
809
827
830
832
834
835
838
839
841
868
869
871
872
882
887
888
1588
1590
1592
1593
1596
1602
1618
1619
1623
1625
1629
1630
27107
27108
30176
29664
30620
30690
1631
1641
1643
2095
2453
2096
2097
2127
2128
2130
2140
2143
2149
2187
1031
2959
2976
2978
2979
2982
2984
2989
2990
2991
2992
2993
2997
2999
3000
3002
3006
3007
3008
4363
3014
3025
3034
3040
3041
3042
3043
3044
3718
3050
3053
3054
3059
3069
3072
3075
3083
4370
3102
3103
3129
3130
3482
3131
3132
3133
3134
3135
3136
3137
3138
3139
3140
3141
3358
3569
3570
3571
3572
3958
3960
3965
3966
3968
3983
3984
3985
3986
3988
4007
4008
4009
4028
4029
4030
4045
4055
4061
4077
4107
4108
4109
4110
4111
4112
4113
4114
4135
4137
4139
4143
4146
4151
4152
4154
4158
5295
4763
4807
4815
4818
6267
4821
4822
4823
4824
4826
4841
4844
4846
4867
4868
4872
4873
4876
4903
4906
4908
4909
4911
4913
4915
5193
5194
5248
5301
5302
5602
5604
5606
5607
5608
5609
5611
5613
5615
5618
5625
5626
5627
5637
5645
5656
5696
5697
5729
5730
5735
6367
6368
6227
6771
6775
6779
6780
6782
6783
6784
6785
6786
6787
6788
6789
6792
3048
3049
3149
3150
4059
4060
4132
4133
4134
6794
6795
6796
6797
6798
6799
6800
6801
6803
6804
6805
6806
6807
6841
7265
6843
6857
6859
6861
6862
6886
6888
6891
6904
6907
6911
7359
8471
9595
7684
7728
8558
7743
7744
7751
7752
7753
7754
7755
7756
7757
7759
7760
7770
7771
7772
7773
7774
7775
7776
7797
8489
7806
7807
7808
7810
7811
7812
7814
7824
7825
7826
7827
7828
7875
7876
9832
7882
7883
7885
7886
8565
7887
7889
8244
8246
8252
8253
8254
8255
8256
8257
8258
9180
9206
9218
9226
9227
9228
6880
6881
7370
7783
7784
9230
9231
9809
9232
9237
9239
9240
9249
9251
9252
9253
9254
9255
9256
9257
9258
9260
9263
9264
9265
9266
9267
9268
9269
9270
9271
9272
9273
9274
9275
9280
9286
9287
9291
9295
9297
9302
9305
9307
9309
9316
9317
9323
9327
9330
9814
10230
10232
10235
10237
10239
10241
10242
10908
10244
10246
10249
10252
10268
10269
10270
10271
10272
10273
10297
10303
10304
10307
10308
10309
10311
10312
10313
10314
10315
10316
10317
10318
10324
10325
10326
10328
10329
10330
10331
10357
10361
10363
10379
10381
12019
10382
10933
10389
10390
10395
10396
10398
10399
10400
10721
10729
10730
10795
10796
11390
11391
11433
11491
11492
11495
11510
11533
11540
11541
11553
11554
11555
11562
11563
11564
11565
11566
11568
11569
11570
11571
12107
11572
11573
12120
11574
11576
11577
11579
11584
11588
11589
11590
11592
11645
11661
11662
11664
11665
11666
11669
11670
11671
11673
11677
10346
10347
10727
10728
11679
11688
11689
12106
12119
11696
11697
11698
11699
11705
11845
11857
12093
12094
12159
12242
12712
12713
12714
12715
12716
12717
12718
12719
12720
12737
12749
12750
12751
12752
12754
12765
12766
12768
12769
12770
12771
12797
12801
12804
12806
12808
12825
12826
12827
12833
12834
12845
12846
12854
12855
12856
12857
12858
12859
12860
12869
13132
13133
13134
13203
13858
13860
13861
13862
13863
13871
13875
13876
13877
13882
13883
13884
13885
13886
13887
13888
13895
13902
13903
13905
13906
13907
13926
13927
13928
13929
13930
13931
13932
13934
13935
13936
13947
13948
13949
13950
13951
13952
13953
13954
13955
13956
13958
13966
14381
13969
13970
13971
13972
13973
13974
13976
14495
14496
14497
14498
14499
14500
14501
14502
14503
14505
14506
14507
14509
14510
14512
14952
14958
14960
14961
14962
14964
14965
14966
14967
14968
14969
14970
14971
14984
14985
14987
14988
14992
14998
15000
15003
15004
15005
15007
15009
15010
15011
15013
15016
15018
15019
15020
15021
16600
15027
15028
15029
15030
15031
15032
15033
15034
15035
15055
15057
15062
15064
15065
15067
15069
15070
15072
15077
15619
15078
15334
15584
16034
16056
16057
16058
16059
16060
16061
16062
16063
16064
16066
16067
16071
16077
16081
16082
16520
16521
16522
16087
16088
16091
17601
16092
16103
16104
16108
16110
16115
16117
16118
17031
17664
17033
17036
17037
17039
17040
17047
18826
17058
17061
17062
17063
17066
17067
17068
18746
17070
17071
17072
17073
17074
17075
17076
17077
17079
17081
17082
17083
17635
17084
17085
17086
18828
18829
17090
18762
18763
17093
17098
17107
17116
17117
17118
17121
17122
17123
17125
17604
17605
17606
17126
17127
17129
18860
17149
17150
17671
17151
17465
17466
17467
17468
17469
17538
17594
18095
18096
18097
18098
18099
18100
18101
18102
18103
18104
18105
18106
19954
20033
18121
18122
19973
18140
18143
18149
18153
18154
18155
18157
18158
18159
18162
18163
18164
18170
18171
18176
18177
18178
19783
19784
20009
18184
19959
19960
18185
18186
18187
19926
19987
19994
19995
20045
20046
20081
18190
18191
18193
18194
18196
18197
18198
18199
18200
18204
18205
18206
18207
18208
18209
18212
18345
18346
18347
20127
20128
19464
19474
19478
19479
19481
19482
19483
19484
19485
19486
19487
19488
19490
19496
20891
19497
20992
20993
21036
19499
19974
19975
19976
19977
19504
19506
20911
19507
20064
20065
19510
19515
19518
19521
20794
19522
19530
19531
19532
20879
19533
20078
21045
21046
19562
20893
19563
19619
21976
19635
19636
19637
19745
19990
20092
20960
20961
20114
20115
20124
20887
20391
20392
20396
21961
20397
20399
20400
20401
20402
20403
20404
20406
20407
20408
20409
20410
20412
20413
21960
20415
20420
20426
20427
20428
20429
20430
20431
20432
20433
20436
20437
20441
20443
20444
21863
20445
21054
21055
21056
15024
16599
15049
15051
15053
16113
16114
17131
18747
18167
18169
19462
19463
20889
20890
19633
19634
20448
21667
20461
20464
20465
20469
22165
22231
22232
22233
20490
20492
20494
20496
20497
20498
21039
21048
22077
22078
20622
20623
20770
20773
20774
20775
20894
20895
21022
21023
21032
21097
21152
21395
21396
21397
21398
21399
21400
21412
22204
22205
21419
21420
22034
21425
21426
21427
21428
21429
21430
21431
21434
22684
21436
21438
21441
21442
21447
21448
21450
21451
21457
21458
21464
21470
21476
22071
21477
21479
21481
21482
21483
21484
22905
22921
22922
22923
22924
22925
22926
22927
22929
23069
23175
23186
23190
23201
23205
23215
21491
21492
21494
21495
21496
21502
21503
21504
21509
22050
21513
21514
21515
21517
21519
21521
21522
21523
21524
21525
21526
21527
21695
21696
21697
21091
22041
22056
22059
22088
22089
22090
22114
22117
22118
22131
22132
22133
22191
22208
22209
22210
22211
22212
22226
22227
22248
22249
22250
22251
22252
22268
22269
22270
22523
23018
23153
23199
22525
22529
22530
22531
22532
22533
22865
22534
22535
22539
22540
22541
22544
23222
22550
23234
22557
22560
22561
23134
22568
23161
23162
22569
22570
22571
22573
22574
22576
22577
22582
22583
23041
23042
23043
23221
23249
23254
25006
22584
22587
22589
22972
22973
23088
23243
22590
22600
22601
22603
22966
22967
24968
25095
22622
22624
23135
22708
22709
22710
23138
23143
23167
23168
23192
23194
23195
23196
23326
23327
23348
23648
24486
24487
25035
23649
25014
23653
23657
24378
24379
24380
24381
24382
24383
24384
23658
23669
23670
23701
23704
23708
23721
23733
23734
23742
23750
23751
23752
23753
23754
23755
23756
23757
23758
23759
23760
23761
23762
23763
23764
23765
23767
23768
23773
23774
23775
23776
23777
23778
24916
23779
23784
23785
23786
27270
23794
23795
23796
26157
26158
24304
24945
23800
24443
23801
26351
23802
26362
23803
24983
23804
24334
27329
23805
23810
23811
23813
23817
26241
23819
23821
23827
26415
23828
26272
23829
24352
24353
24354
24355
24356
24357
25000
25001
25004
25023
27328
23834
24917
23835
24339
24956
23836
24499
24500
23837
24477
24478
24970
24731
24732
24733
24734
24786
24963
24964
24971
24735
26181
24736
24738
24739
24940
24751
24796
24797
24799
26296
26363
24805
24808
24809
22067
22069
22566
23144
22567
23284
23781
23782
23783
24932
24955
24810
24811
26346
24755
24861
24911
24972
24973
25252
26397
25253
27802
27803
25255
25694
25695
25696
25697
25698
25699
25700
27251
27252
27958
27976
28372
28493
28494
25256
25257
25258
25259
25262
25263
25265
25266
25271
25272
25273
25274
27940
25275
25276
25280
25281
26315
25282
25286
25287
25288
25289
25290
25291
25292
25311
25312
25313
25314
25315
25316
25317
25323
25324
25327
25329
25332
25333
25346
25348
25351
25367
25370
25905
26237
25371
25894
26300
27675
25372
25862
26379
27797
25373
25740
27478
27699
25381
25810
25811
26257
25382
25857
25858
26339
27711
27728
27729
25384
25710
26245
26278
26279
25386
25391
25865
25866
25867
25868
25869
25870
25871
25872
25873
25874
25878
25879
25880
25881
25882
25883
25887
25888
25889
25890
25891
25892
25893
27676
27677
27702
27713
27744
27845
27854
27855
29015
29016
29017
29018
25405
25441
25442
25445
26331
25447
25448
26288
25449
25451
27521
25454
26357
25456
25457
25863
26417
25461
25463
25464
25529
25530
25536
26028
26030
26032
26033
26034
27479
26035
26036
26231
26263
26264
26265
26290
26291
26292
26332
26333
26334
26340
26350
26360
26394
26398
26701
26702
26703
26704
26705
29194
26711
26712
27756
26713
27834
26714
26715
27115
29323
29479
29501
26716
29223
26719
27123
27124
27125
27126
29286
29309
29310
29337
26720
27127
27128
29251
29431
26721
29212
26722
27129
26724
26725
26727
29285
29163
26731
27135
27136
27137
27138
27139
27141
27714
27715
29092
29130
29270
29271
29290
29291
29312
29358
26732
27142
27143
27144
27146
27147
27148
27149
27656
27682
29197
29198
29199
29216
29217
29252
29253
29272
29344
26733
27150
29345
26739
26740
26741
26743
26744
26746
29243
26747
26748
26749
26750
26751
26752
25387
26251
26252
25876
25877
25885
25886
27684
27685
26754
26755
26756
26763
27152
27153
27615
29200
29368
26784
27155
27156
27157
27670
29292
26786
27158
26787
27160
27161
26791
26792
27769
26849
26850
26851
29446
26853
26854
29269
26855
26856
26858
26860
26861
26862
26863
26891
29195
26892
27757
27758
26893
29164
29165
26897
26898
26899
26901
26903
26905
26906
26910
27174
27175
29244
27267
27364
27368
29073
27376
27657
27658
27659
27411
27442
27480
27447
27454
27505
27550
27592
27609
27616
27617
27618
27619
27647
27648
27650
27660
27661
27662
27663
27696
27697
27718
27741
27749
27765
27784
27785
27786
27793
27800
27811
27812
27829
27850
27899
27900
28142
30637
30638
28156
28159
28160
29132
28161
29338
28163
28164
28171
28587
28178
28182
28185
28191
28194
28197
28199
28200
28204
28211
28213
29168
28214
28266
28267
28269
28270
28271
28274
28277
28279
28285
28289
29189
28295
28296
29349
28297
28299
29313
28789
28790
28791
28792
28959
29082
29083
29124
29146
29147
29148
29184
29185
29193
29210
29222
29228
29261
29262
29287
29302
29319
29320
29333
29340
29341
29357
29362
29363
29364
29385
29387
29433
29462
29463
29507
29916
29940
30662
30663
30664
29943
30702
29964
30002
30681
30003
30004
30239
30820
30821
30068
30793
30794
30795
30071
30582
30621
30687
30709
30711
30712
30736
30737
30748
30863
30874
30875
30906
30928
1711
1712
493
495
496
497
498
499
504
505
506
507
509
512
514
516
530
535
536
537
538
539
540
541
542
543
544
545
546
547
548
550
1454
890
891
894
895
896
898
903
907
909
910
915
920
921
924
925
926
927
1708
930
2419
1645
1646
1647
1648
27861
27881
26908
26909
27266
27782
27783
28287
28288
28292
28293
29226
29227
29406
29432
533
534
1656
1657
1659
1660
1661
1662
1663
1664
1665
1666
2199
2200
2206
2209
2210
2211
2213
2220
2221
2224
2452
2228
2229
2230
2231
965
3180
3185
3193
3194
3195
3196
3197
3198
3205
3207
3208
4379
3211
3212
3213
3215
3216
3217
3218
3220
3222
3224
4361
3226
3227
3229
3231
3232
3234
3235
3238
3239
3240
3241
3243
3244
3245
3246
3252
3253
3254
3255
3258
3274
3275
3276
3277
3278
3279
3280
3281
3289
3290
3291
4362
3369
3460
3461
3575
3587
3588
3589
3590
3591
3592
3593
3594
4161
4162
4163
4164
4165
4166
4167
4178
4179
4184
4185
4186
4187
4189
4190
4191
4192
4194
4195
4198
4403
4200
4201
4203
4204
4205
4207
4209
4210
4211
4212
4213
4214
4216
4217
4378
4925
4927
4929
4931
4932
4933
4934
4935
4936
4939
2455
1655
2205
3585
3586
4942
4954
4955
5310
4960
4961
4964
4965
4968
4969
4972
4975
4977
4978
4979
4989
5304
4990
4991
4996
4997
4998
4999
5000
5002
5003
5004
5005
5006
5007
5008
5009
5012
5014
4970
5749
5757
5759
5763
7267
5765
5766
5767
5768
5771
5772
5773
5774
5776
5779
5781
5788
6203
5789
5792
5793
5794
5795
6262
6263
5796
6257
5802
5803
5804
5805
5806
5807
5811
5817
5819
5820
5821
5822
5823
6356
6357
6358
7242
5824
5825
7212
5833
5835
5836
6100
6101
6104
6110
6111
6930
7289
6933
7343
6936
6937
6938
6939
6940
6941
6943
6944
7325
6946
6947
6949
7322
7897
7898
7899
7901
7902
7903
8472
7904
7905
7909
7910
7911
7912
7913
7917
8500
7922
7923
7925
7926
7927
7928
7929
7930
7931
7932
7933
7934
7937
7938
7940
7941
8267
9375
9378
9379
10785
9380
9808
9381
9384
9386
9387
9388
9395
9396
9397
9398
9845
9846
9848
9399
9400
9401
9402
9403
9840
9404
9836
9406
9407
9408
9774
9775
9421
9422
9423
9428
9616
10411
10412
10931
10414
10438
10441
10442
10443
11999
10444
10924
10445
10447
10449
10450
10451
10452
10453
10454
10455
10456
10457
10458
10459
12003
10462
10874
10469
10470
10471
10822
10918
10922
10474
10475
10476
10477
10478
10479
10480
10879
10914
10915
10916
10917
10481
10482
10483
10486
10487
10743
10745
10805
11708
11709
11712
11720
12140
12141
11722
11723
11724
11725
11726
11727
11731
12205
11733
11734
11736
12209
11749
12225
11750
11754
11755
11756
12098
11760
11761
11763
11768
11878
11879
12173
12174
12176
12186
12187
12188
12202
12245
13120
12250
12252
12254
12255
12256
13118
13119
12275
12282
12283
12284
12285
12286
12302
12303
12304
12305
12306
12307
12308
12309
13145
12877
12883
12885
13192
12887
12888
12889
12890
13215
12891
13510
12903
12904
12905
12906
12907
12908
12909
12910
12911
12912
12913
12914
12246
13138
12247
13023
13020
13021
12886
13201
13375
13376
13378
13381
13382
13383
13385
13386
13387
13389
13390
14408
13399
13516
13984
14449
14450
13985
14358
14359
13986
13987
13988
14355
14356
14431
14451
13993
14410
13994
14411
13995
13997
15538
15540
13999
14407
14000
14001
14002
14003
14004
14005
14006
14007
14008
14009
14014
14015
14026
14027
14473
14387
14388
15109
15114
15117
15118
15119
15121
15123
15127
15128
15129
15131
16579
15134
15137
16573
15138
16373
15139
15140
15149
15150
15151
15665
15161
15166
15167
15168
16321
15170
15175
15178
15179
15180
16585
16586
16587
16590
16591
16592
16593
15182
15183
15184
15185
15186
16564
16565
15187
15188
15189
15190
15191
15297
15298
15300
15305
15306
15309
15310
15311
15322
15371
15372
15373
15374
15375
15376
15377
15378
15380
15381
16125
16126
16515
16516
16130
16131
16132
16133
16134
16137
6109
6172
7935
7936
9371
9373
10464
10468
10746
10748
10803
14415
13996
15098
15105
15106
16129
16514
16138
16139
16140
16141
16223
16224
16225
16534
16607
16608
16609
16610
16235
16238
16239
17595
17596
16279
16305
16306
16582
17152
17674
17153
17154
17155
17156
17158
17160
17163
17164
17165
17166
17495
18807
17167
17168
17169
17492
17172
17173
17557
17568
17174
17175
17176
17177
17182
17191
17192
17665
17193
17496
17497
17583
17584
17585
17194
17666
17199
17200
17201
17589
17590
17591
17592
18704
18705
18755
17214
17215
17218
17222
17223
17224
17225
17226
17227
17228
17229
17230
17231
17232
17597
17598
17599
17609
17610
17611
17612
17613
17614
17616
17617
17618
17619
17620
17621
17622
17623
17624
17625
17626
17627
17195
17196
17653
17669
17670
17220
17221
17628
17629
17656
18822
18835
18877
19939
19944
19946
19964
19972
17233
18825
17473
17478
17608
17479
17632
17484
18216
18742
18217
18223
18225
18848
18227
18228
18229
18230
18231
18232
18783
18836
18837
18838
18856
18234
20049
20050
20051
20052
18235
18236
19909
19910
18237
19911
19912
18245
18246
18247
18249
18250
18251
18252
20026
18265
18266
18850
18270
20069
18271
18272
18273
18274
18275
18276
18761
18791
18792
18793
18794
18795
18796
18797
18798
19998
20010
20011
20027
20028
20029
20030
20031
20037
20038
20039
18277
18278
18279
19961
19962
19963
20003
20004
18281
19978
18284
18285
18286
18289
18290
18291
18292
18295
18297
18299
18300
18460
18464
18465
18468
18469
18624
18626
18627
18630
18774
18775
18776
18777
18778
18779
18780
18892
18893
19934
19937
20089
20104
20112
20113
20117
19569
19571
19997
20007
20968
20969
20970
20971
19576
19578
19579
21084
21085
19584
19585
20850
20857
20978
20979
20980
19592
20086
20087
19751
19752
19766
19767
19768
19770
19773
19775
20988
20989
20990
20500
20972
20503
20506
20507
20508
20510
20511
20512
20516
20519
20528
20940
20941
21129
20529
20539
20540
20541
20542
20543
21845
21852
21867
22113
22126
22127
22128
22142
22166
22174
22175
22176
22177
22195
22196
20544
20929
21078
21079
20547
20548
20549
20550
20552
20553
20554
20555
20556
20557
20558
20559
20560
20561
20562
20563
20912
20913
20914
20918
20919
20920
20921
20922
20923
21101
21130
21135
21136
21674
21733
21970
21996
22011
22028
22029
22030
22079
22093
22097
22129
22200
22217
22224
22225
22228
22235
22236
22237
22238
22241
22242
22243
22253
22254
22258
22259
22260
22262
22263
22264
22265
22286
22678
22731
22732
22733
22734
20564
20981
20565
20566
20567
22081
20568
22099
20569
20570
20571
20572
20573
20574
22188
20575
20576
20577
20578
20579
20580
20581
20582
20583
20584
22055
22121
22122
22138
20588
20589
20951
20590
22130
22136
22137
20591
20592
20593
20779
20780
20782
22070
20783
22201
22202
22203
20784
21968
20788
20790
21060
21061
21064
21065
21066
21530
21531
21532
21533
21540
22043
21541
22044
22045
21542
22051
21543
22052
21544
21547
21558
21561
23339
21564
22035
21565
21566
21567
22206
21568
21569
21707
21708
21709
21711
21712
21713
21714
21715
22169
22634
23068
23204
22636
22637
22638
22931
22932
22933
22934
22935
20024
20025
22144
22153
22163
20916
20917
21966
21967
24631
24632
24852
24865
22639
22640
24627
24628
25688
22641
22646
22647
23060
23061
23145
23154
23155
23176
23187
22648
22649
22930
22652
23059
24851
22655
23213
23214
22716
23058
23122
22718
22720
22965
23165
23180
22721
22727
23029
23096
23235
23236
22872
24648
22874
23139
23169
23841
26116
26182
23842
24394
24395
24396
24397
24398
24399
24400
23844
24491
27331
23845
24296
24297
24298
25101
23846
24401
24402
24403
24404
24406
24408
24409
24410
24411
24412
24413
24414
24415
24416
24417
27708
27734
27801
27808
27809
23847
24475
26442
26480
23850
25002
25003
23851
24350
24351
26152
26153
26443
23852
24346
24347
24348
24996
26368
26369
23853
24311
24312
24313
24314
24315
24918
23854
24444
24445
24446
24447
24957
26337
23855
24484
24485
26226
24743
24813
24814
26338
26347
24747
24748
24959
24960
25467
25741
25742
25743
25744
25745
25746
25747
25748
25749
25750
25751
25752
25753
25754
25755
25756
25757
25758
26255
26287
27630
27631
27632
27633
27652
28933
25469
27727
25470
25731
25732
27937
25471
25701
25702
25703
27514
25472
25473
25474
25475
25478
25489
25759
25760
25761
27776
28978
28979
25494
25859
25860
25861
26404
27965
25495
25762
25763
25764
25765
25766
25767
28962
28963
25496
25814
25815
25816
25817
25818
25819
25820
25821
25822
25823
25824
25825
25826
26380
26393
26420
26428
27805
27848
27853
26043
26049
26050
26063
26069
27949
26071
26096
26097
26098
26099
27730
28888
26072
28944
26073
26100
27654
27655
26074
28945
28946
28947
26077
26106
26396
27818
27819
26112
26374
26413
26422
26457
27188
26912
26919
26920
26922
26923
27759
26932
27202
27203
27673
29230
29231
27204
27206
27207
27208
27209
29201
29293
29294
26934
27824
27825
27826
26936
29245
26938
27827
26939
29246
29248
26945
27211
27212
27213
27214
29376
29391
29409
29418
29438
29439
26947
27216
27217
27218
29218
29327
29410
26948
27219
27220
27746
27747
29289
29328
26956
27225
29514
27226
27227
27228
27229
27230
27231
27691
27692
29202
29203
29430
26958
29102
29400
27398
27435
27400
29299
27401
29220
27402
27403
27405
27436
29074
29237
29238
27664
27665
27666
27849
27851
27875
28307
29392
29393
28316
28317
28332
28697
28698
28699
29190
29191
29378
29379
29401
29402
28822
29149
29334
29342
29521
30043
1086
1112
1114
1386
576
577
5286
5289
5290
6159
6160
6161
6162
6163
9714
10672
10898
10899
10900
10901
12026
12027
12029
13106
13107
13108
13109
23361
24853
24489
24490
27186
27187
29274
26933
13111
13112
13113
13412
13413
13414
13415
13416
13417
14268
14269
14270
14271
14272
14273
14274
14275
15485
15486
15487
15488
15489
15490
15491
15492
16432
16433
16435
16436
16437
16438
16439
16465
16466
16467
16468
16469
16470
16471
16472
17397
17398
17399
17400
17401
17402
17403
17404
17405
17406
17407
17408
17409
17410
17411
17683
17684
17685
17686
18423
18424
18425
18426
18427
18428
18429
18430
18431
18432
18433
18434
18435
18436
18437
18438
18439
19868
19869
19870
19871
19872
19873
19874
19875
19876
19877
19878
19879
19880
19881
19968
19969
20642
20643
20644
20645
20646
20647
20648
20649
20650
20651
20652
20653
21830
21832
21833
21834
21835
21836
21837
21838
21839
21840
21841
22829
22830
22831
22832
22833
22834
22835
22836
22837
22838
22839
22840
24600
24601
24605
24606
24607
24608
24609
24610
24611
25668
25669
25670
25671
25672
25673
26381
25674
26382
25675
25676
25677
25678
25679
27018
27019
27020
27806
27021
27022
27023
27024
27025
27026
27027
27028
27029
28464
28465
28466
28467
28468
28469
29453
28471
28472
28473
29613
29618
29620
29622
29623
29624
580
932
933
942
966
1671
2344
2386
1697
1698
1699
2232
2233
2423
2234
2421
2235
2236
2237
2238
2241
2249
2250
2251
2253
2484
2486
24603
24604
3293
3388
3389
3408
3294
3390
3391
3409
3305
4357
4365
3343
3344
3345
3346
3347
3348
5023
5024
5025
5026
5027
5028
5029
5030
5031
5032
5033
5841
5842
6210
6211
7180
5843
5844
6212
6213
5845
5846
6214
6215
5847
5848
6216
5849
5850
6218
6219
5851
5852
6220
6391
7169
7181
7236
7237
7238
7239
5853
5854
6222
6223
6366
5886
6994
6995
6996
6997
6998
6999
7021
7022
7023
7942
7943
7944
7945
7946
7947
7948
7995
7996
7997
7998
8493
7999
8478
8000
8001
8002
8496
8483
8005
8006
8503
8007
8497
8008
8011
8012
8013
8014
8015
8016
8550
8017
8018
8019
8020
8022
8555
8023
8024
8025
8026
8027
8030
8031
8032
8033
9756
9757
9758
9760
9767
8122
8494
8123
8124
8549
8631
8632
8633
8634
8635
8637
8638
8639
8640
8641
8642
9434
9435
9450
9451
9452
9453
9720
9721
9722
9723
9724
9725
9726
9793
9794
9795
9796
9797
9842
9843
9844
9863
9866
9870
9873
8004
8482
8010
8553
9876
9454
9455
9457
9727
9729
9730
9731
9733
9878
9879
9880
9881
9735
9736
9737
9738
9739
9740
10769
10847
10848
10849
10876
10877
10896
10923
9474
9507
9895
9896
10489
10491
10493
10495
10496
10754
11772
11776
11777
11778
11780
11781
11782
11783
11784
11785
11787
11790
11792
12288
12291
12293
12919
12921
12925
12927
12929
12930
12931
12932
12933
12934
12935
12936
12937
13244
14053
15192
16567
15194
15199
15200
15201
15202
15203
15204
15205
15206
15207
15590
15591
15208
15598
15209
15600
15210
15604
15605
15212
15606
15213
15215
15216
15217
15218
15219
15221
15222
15223
15224
15225
15226
15227
15228
15229
15230
15231
15232
15649
15233
15653
15235
15236
15237
15655
15238
15240
15241
15242
15243
15244
15245
15246
15248
15249
15250
15251
16544
15252
15253
15254
15255
15256
15257
15258
15259
15260
16562
15261
15262
16159
16160
16619
16161
16169
16286
16287
16291
16611
17244
18681
17575
18748
18074
18075
18080
18471
18472
18473
18474
18475
18476
18477
18478
18480
18481
18592
18593
18594
18595
19644
19645
19646
19647
19648
19649
19650
19651
19652
19653
19654
19655
19656
19657
19658
19659
19660
19661
19662
19663
19664
19665
19666
19667
19668
19669
19670
19671
19672
19673
19674
19675
19676
19677
19678
19679
19680
19681
19682
19683
19684
19776
19777
19778
19779
19780
19781
20357
20358
20359
20360
21959
9460
9461
9734
20362
20363
21072
21073
21650
21651
24655
24656
21652
23212
21653
23338
21654
23253
22518
22519
23013
23014
23015
23016
23017
24933
25010
25062
25082
23874
24258
24259
23875
24514
24515
23876
25974
25975
23877
25976
23878
25978
25979
27451
23879
25980
25981
27576
23880
27725
27726
27764
23881
27876
27877
27878
23882
28880
28881
28882
23883
29095
29096
29097
29098
24749
1482
583
960
2518
12315
12316
17703
20275
21981
21982
21993
22291
22292
22293
25103
25993
27476
27477
25994
27703
25995
27882
13
631
1480
603
1866
1881
1886
2537
2551
2562
2563
2565
2579
3363
3730
4472
4485
6171
4487
4488
4489
4490
4491
4497
4498
5381
5382
5383
5384
5402
5403
5404
5405
5406
5416
5417
5418
5425
5426
6119
6120
6121
6122
6409
6412
6414
6415
6416
6435
6437
7417
7418
7440
8571
8572
8573
8574
10763
8900
10856
8902
8903
10828
8918
8921
8933
8942
8944
9910
9916
9917
9924
9925
10975
10976
10978
10979
10984
10985
10986
11978
11979
11988
11989
12130
12131
12134
8583
12207
10992
10998
10999
11000
11002
11009
11010
11011
11016
11020
12335
12336
12339
12355
12361
12362
12371
12373
12374
12381
12391
12394
13425
13428
13430
13604
13605
13614
13615
13616
13645
13649
13650
13662
13664
13668
13669
14566
14576
14578
14583
14602
14605
15597
15709
15710
15712
15715
15727
15728
16663
16664
17319
17320
17742
18915
20906
18926
18943
18949
18950
20137
20140
20150
20151
20162
21071
20617
20620
21157
21158
21174
21971
21184
21186
21975
21187
21193
17250
17315
17316
24756
22304
23255
23256
22305
22306
22326
22352
22353
22354
22686
23067
23275
23293
23354
23365
23379
24256
24257
24657
24658
23394
24387
24388
24389
24390
24868
24871
24878
24879
24880
23407
24308
24914
23412
23414
23415
23417
24838
24857
25053
25114
25115
25119
26209
25120
26390
25124
25693
26225
25562
25563
24385
24386
27947
26124
26133
26141
26150
26151
26161
26162
26168
26175
26176
26201
26202
26203
26419
26423
26431
26447
26458
26476
26501
27050
29389
29390
29117
27260
27475
27540
27541
27552
27553
27566
27572
27573
27574
27600
27612
27733
27873
27944
27945
27956
28361
28362
28364
28501
29094
29122
28376
28482
28489
28870
28976
29041
29057
29061
29075
29085
29086
29076
29088
29110
29111
29112
28955
29502
29509
30619
30073
30598
30643
30659
30694
30747
30866
30913
30914
30919
30929
30953
30971
1229
1232
1458
79
650
651
948
953
955
1902
2668
2669
2679
3772
3777
3779
4528
4529
5299
4531
4535
4536
4537
4538
4539
4540
4541
4546
5438
8560
7459
7460
8960
8966
9955
11024
12038
11886
11030
13675
15735
17588
15741
16686
19013
19014
20121
20122
20123
19015
20809
21272
21850
21851
21277
21279
21280
23108
23325
24341
23364
27322
27333
27467
27468
27732
27822
676
2709
2732
3810
4577
5480
5481
5482
5483
5484
5485
5486
5487
5488
5489
5490
5491
5492
5493
5494
5495
5496
5497
5498
5499
6354
6612
9027
9071
10871
9072
9883
12414
12467
12537
13122
13439
14378
14472
14225
14226
14227
14228
14363
14429
14663
21275
21276
16320
14665
15498
14666
15499
16490
14667
15500
15501
14669
15502
14670
15503
14671
15504
14672
15505
14673
15506
14674
15507
16367
14676
15594
15646
15785
15786
15787
16695
16696
16697
16745
16753
17637
17841
17862
17864
18806
17865
18335
18336
18337
18338
20856
18339
18815
18991
20725
20726
20731
20732
20202
21676
22095
22360
22375
23266
23424
24281
24282
24283
24284
24285
24286
24287
24288
24289
24290
24291
24292
24293
24294
25086
26352
26446
26451
26452
27264
23440
24516
23492
23493
23495
23496
23497
23498
23499
23500
23501
25157
26276
25162
26460
26229
26286
26249
26262
26407
26516
26520
26521
26522
26546
26547
29113
29114
26548
29158
29159
29160
29161
26549
28980
28981
29129
27068
29307
29308
26551
27069
27070
29336
29367
1
6252012136
12136
16665
22303
25686
27948
21273
20792
20795
20796
20267
20268
21675
27071
29196
27073
29215
26554
27075
27669
27975
26555
27077
27078
27080
26557
27081
27082
27605
27606
27083
27084
26565
30078
27481
27777
27778
27779
28016
28035
28036
28042
28043
28045
118
122
125
763
764
765
766
775
776
777
602
1039
1041
1044
1956
1957
1968
1969
1970
1990
1991
1992
2758
2762
2788
2823
2829
2831
2832
3441
3477
3493
3494
3495
3496
3830
3848
4421
3849
3850
3870
3876
4440
3904
3905
3906
3907
3908
3918
3922
4409
4449
4613
4614
4615
4616
4617
4618
4619
4620
4661
4662
4663
4664
4665
5246
5306
5532
7259
7266
5536
5541
5549
7271
5580
6345
5585
5587
6128
6129
6307
6308
6309
6668
6681
6683
7241
7256
7257
7258
7277
7567
7568
7573
10837
7605
7635
8554
7636
8473
9086
9801
9802
9803
9087
9811
9812
9813
9097
9810
9103
9579
9798
9799
10106
10107
10108
10109
10110
10116
10120
10123
10808
10705
11095
11096
3847
7584
7604
11980
11981
11982
11983
11984
11985
12200
12208
12210
12211
12212
12215
12216
12217
11106
11176
11177
11227
11228
11230
11238
11239
12008
11241
12062
12063
11828
11829
11830
12543
12544
12669
12675
13226
12698
12700
14365
12702
12703
14340
13766
13773
13784
13785
13794
14469
13795
15541
14207
14799
14801
14808
14893
14894
14895
15363
15366
15632
15633
15668
15807
15808
15994
16001
16484
16488
16754
17675
16957
16958
17454
18669
17456
17570
17571
17875
17879
17880
17881
17882
17887
17888
17889
17900
19686
17904
19925
18018
18019
18020
19921
19922
19923
20042
20053
20058
20067
18031
18033
18034
18340
18341
18342
18343
21077
19027
19031
19032
19282
19283
20931
19297
19984
19985
19986
20280
20306
20333
20613
21000
21002
21004
21310
21311
21312
23151
23152
21315
21316
21361
21362
21363
21364
21365
21881
21882
21883
21884
21885
21886
21887
21888
22687
22740
22853
22858
22859
22860
23044
23270
23277
23286
23303
23317
21368
21639
21640
23216
21687
22094
22841
22271
22427
22435
22443
22444
23020
23021
23022
23023
23024
24635
24636
24637
24638
24858
24867
22445
22451
22456
22457
23282
22458
23193
22459
23283
22460
22461
24848
22704
24633
24634
22848
23285
23543
23547
23548
23549
23550
23551
25008
23552
23556
23557
23568
23569
23570
23576
24263
24264
24265
24266
24267
24268
24269
24270
24271
24272
24273
24274
25061
25988
24709
24965
25179
25180
25181
25190
25191
25208
26305
26306
26307
26308
25216
25217
26159
26205
26441
26630
26641
26642
26643
26644
26645
26646
27950
27951
26648
29000
29001
29002
27263
27361
29346
29347
27639
27643
27644
27645
27646
28060
28066
28067
28068
28069
28070
30474
28071
30584
29804
29806
29807
29834
30557
30604
30605
30566
30567
30568
30580
30581
30642
1234
1423
136
138
140
141
48
49
420
5123
5131
5137
5139
5140
5146
5148
6051
6056
6060
6074
6154
6158
6749
6757
6758
6766
6768
7216
8361
8362
8363
8364
8365
8366
9690
9694
10652
11956
13092
13093
14261
15466
15471
15472
15556
15558
15559
16588
16589
17379
17380
17381
17382
17688
18417
18418
18419
18420
19849
19850
19851
19852
20638
20639
20640
21805
21806
21807
22806
22807
22808
22809
22811
24576
24577
24578
24579
24580
24581
25617
25618
25619
25620
25621
26358
25622
26359
26986
27745
26987
26988
27760
26989
27761
26990
27762
26991
27773
28431
28433
28434
28435
28436
29587
7576
11097
16002
16003
16440
16441
17457
17569
18021
18022
19945
23571
3531
21803
21804
22804
22805
29585
29586
29588
29589
317
319
783
786
789
790
791
795
796
799
801
802
969
1562
1575
1730
2019
2022
2034
3432
2036
2037
2045
2046
2047
2048
2049
2051
2054
2055
2056
2057
2058
2059
2066
2067
2069
2074
2880
4283
4371
2882
2915
4372
2923
2924
2925
2932
2942
2944
2945
2946
16485
16005
18851
20085
1702
20641
21808
29584
2950
3550
3551
3553
3930
3944
3945
3946
3947
3949
3954
3955
4448
4690
6184
4691
4696
4697
4742
4746
5905
5906
5910
5932
6376
6378
6379
7402
6380
6381
7226
6384
7170
7171
6387
7344
6388
7059
7248
2948
6382
7061
7401
7062
7372
8448
8449
7063
7070
7144
7145
7327
7156
8479
8481
8171
9588
8172
8173
9594
8175
8196
8198
8464
8465
8210
8211
8467
8468
8469
8470
9515
9516
9525
9526
9530
9531
9807
9534
9547
9550
9554
9555
9570
9877
10536
10866
10537
10538
11797
11798
10539
10546
10547
10549
10562
7252
10564
10569
10570
10720
10798
11252
11256
11272
11280
11887
11297
11309
11357
12153
12238
12239
12960
12979
12981
12988
12991
13013
13014
13212
13809
13823
13830
14527
14529
14898
14899
14914
14915
14924
14925
15384
15391
16486
15392
16487
16012
16013
16014
16015
17412
16016
16019
16020
17418
16028
16029
16240
17419
16241
16242
16243
16301
16345
16348
16349
17667
16350
16351
16352
16353
16639
16970
16972
16974
17005
17007
18440
17008
17009
17010
17012
17013
17014
17463
18046
18454
19306
20804
19308
19311
19312
19313
19316
19325
19326
19327
19443
20849
20964
20973
20340
20341
22179
22180
22187
20343
20349
20356
21374
21375
21998
22878
22911
22912
21379
21380
21382
22473
23062
25091
22486
24778
23223
23613
24448
24449
24450
24451
24452
24453
24454
24455
24456
24457
24459
24460
24920
26483
23623
23627
23630
23631
23633
26120
23635
24835
23637
24649
25791
25792
25793
25794
25795
26246
27332
27528
27966
25236
25768
25769
25770
25771
25772
25773
25774
25775
25776
27743
27791
27925
27941
27959
27964
25237
25804
25805
25806
25807
27485
27515
27516
27520
27533
27534
25239
26236
26156
26184
26675
27748
26678
27565
28094
28104
28109
28119
28536
30644
28122
28124
28548
28549
29636
30890
30891
29637
30142
30937
30938
30948
30143
30144
30145
30148
30882
29641
30149
29642
30910
29643
30782
30811
29647
30157
30158
30159
30817
30818
30689
30765
30888
342
344
346
431
436
828
829
833
856
870
884
885
1595
1613
1626
1628
1632
1642
1644
2129
2132
2178
2188
2189
2191
2192
2195
2196
2198
2957
2958
2960
2968
2980
2981
2986
2987
2988
2994
2995
2996
3011
3058
3060
3061
3063
3146
3395
3419
3459
3554
3967
4001
4002
4006
4408
4053
4057
4058
4075
4076
4078
4102
4103
4104
4105
4106
4115
4129
4402
4142
4150
4156
4159
4769
4800
4813
4816
4825
4827
4843
4869
4870
4874
4881
4882
4883
4884
4885
4886
4887
4888
5192
5244
5597
5603
5605
5617
5624
5630
5635
6353
6359
6392
5643
5652
5654
5690
5691
5692
6310
6313
6314
5693
5695
5731
5734
6770
6778
6790
6791
6802
6830
6844
6845
6846
6847
6848
6849
6850
6851
6855
6856
6860
6863
6864
6868
6869
6871
6872
6873
6887
6889
6890
6910
7200
7712
7745
7746
7747
7748
7749
7750
7758
7761
7801
7802
7803
7813
7815
7816
7818
7820
7821
7822
7823
9583
7867
9719
7868
7869
7877
7878
7881
7888
7890
8259
8260
9183
9220
9225
9241
9243
9245
9259
9261
9281
9285
9289
9298
9299
9318
9319
10231
10233
10234
10240
10266
10267
10289
10293
10294
10305
10306
10319
10320
10321
10327
10342
10343
10344
10345
10349
10350
10351
10380
10799
10388
10392
10393
10394
10397
10401
10402
11389
12056
11490
11497
11498
11499
11500
11502
11503
11504
11505
11506
11531
11532
11534
11535
11536
11537
11538
11539
13191
13195
11550
11551
11552
11567
11575
11578
11580
11586
12039
12040
11587
11591
11613
11667
11668
11672
11675
11676
11681
11682
11684
11687
11701
12157
12158
12240
12241
12704
12764
12772
12795
12796
12799
12800
12805
12832
12866
12867
13872
13873
13878
13879
13890
13894
13897
13919
13922
13925
13959
14215
14216
14217
14218
14220
14221
14357
15580
14222
15593
14223
16478
17574
14489
14514
14515
16316
16317
14516
14959
14963
14972
14975
14976
16498
15014
15015
15017
15036
15577
15046
15047
15050
15052
15056
15059
15060
15061
15066
15068
15071
15073
15332
15333
15587
15493
15637
16044
16045
16046
16050
16051
16052
16053
16054
16070
16623
17148
17553
17464
18165
18168
18172
18173
18175
14257
14258
14259
14260
15555
17687
17689
2985
4003
4131
4896
5639
5641
5642
9290
11530
12088
11680
13881
13899
15575
13923
13924
13961
14483
14484
14485
14487
14488
14491
14492
14493
14494
14513
14518
14953
14986
14994
14995
16048
16049
16083
16084
16086
16099
17577
16100
16101
16102
16105
16106
16107
16112
16116
16267
16270
16272
17032
17041
17048
18831
18832
17059
17060
17064
17069
17078
17080
17087
17088
18700
18701
17119
17124
17128
17132
17470
17636
18091
18094
18142
18156
18161
18188
18195
18210
18211
18707
18708
18213
18215
18352
18639
18789
18804
19453
19454
19455
19456
19459
19476
19884
19480
19498
19896
19505
19508
19509
19511
19512
19513
19517
19523
20892
19524
19626
19627
19628
19629
19630
19631
19638
19639
19640
19641
19642
19643
22042
20865
20021
20366
20367
20368
20370
20372
21668
21672
20373
20374
20375
20376
20378
20379
20380
20381
20382
20383
20384
20385
20386
20387
20388
20389
20390
20393
20394
20395
20398
22214
20414
20416
20417
20418
20419
20421
20422
20423
20424
20425
20435
20438
20439
20440
20457
22027
20459
20466
20467
20470
21725
21726
20491
20493
20495
20499
20606
20607
20608
20609
20610
20611
20625
21017
21021
21031
21033
21403
21415
21416
22728
22729
22730
22850
22851
21417
21418
21421
21432
21433
21435
21437
21439
21443
21444
21445
21446
21449
21452
21460
21461
21462
21877
21878
21879
22004
21463
22843
22844
21467
21999
22000
22001
22002
21485
21486
21487
21488
21489
21490
21497
21498
21499
21500
21501
21505
21506
22842
21507
23113
21702
22679
22680
21703
22856
21732
22036
22037
22068
22096
22170
22182
22183
22193
22229
22261
22526
22538
22542
22543
25052
22545
23358
22552
22880
22881
22562
6440
10977
10991
20621
22328
23321
25116
11059
12237
14433
14434
17420
20965
10806
10807
17690
2147
11507
2146
13898
13960
14486
14490
14517
16047
22563
22857
22868
22869
22870
22564
23063
22585
24754
22586
22588
22599
22602
22616
13880
22617
22974
22975
22976
24892
22618
22619
22964
24616
24617
24618
22735
22871
23073
23074
23098
23107
23124
23166
23177
23289
23350
23662
24978
23677
24237
24238
24239
24240
24241
24860
24866
24900
24901
23681
23682
23683
23684
23686
23727
23728
23743
23744
23748
23749
23769
23770
23788
23793
24234
24235
24843
23797
23798
23806
23807
23808
24668
23809
23812
23814
23815
26219
23818
23822
24895
23826
26343
23830
24512
24513
24855
24856
23831
24275
24276
24669
23832
24472
24473
24474
24836
24837
24844
23833
24260
24261
24262
24640
24875
24876
24921
25094
25251
25254
25739
26254
26391
26392
25261
25267
25704
25705
25706
25707
25708
27712
27904
25269
25277
25278
25279
25907
25908
25909
25910
25911
25912
25913
25914
25915
25916
25917
25918
25919
25920
25921
25922
25923
25924
25925
25926
25927
25928
25929
25930
25931
25932
25933
25934
25935
25936
25937
25938
25939
25940
25941
25942
25943
25944
25950
25951
25952
25953
25954
25955
25956
25957
25958
25959
25960
25961
25962
25963
25964
25965
25966
25967
25968
25969
25970
25971
25972
25973
26280
27347
27449
27450
27556
27563
27575
27678
27679
27680
27681
27739
27780
27856
27857
27896
27974
28370
28483
28872
28886
28887
28910
28920
28934
28951
28952
25283
25284
25285
25295
25296
27458
25362
25363
26427
25364
25855
27330
27602
27603
27604
25375
25711
25712
25713
25714
25715
25716
25717
25718
25719
25720
25721
25722
25723
25724
25725
25726
27804
25945
25946
25947
25948
25949
25727
25728
25729
25730
27667
25376
25378
28885
25379
28480
25380
27709
27710
25829
25830
25831
25832
25833
25834
25835
25836
25837
26224
27543
25388
27627
27628
27629
25389
25383
25397
25398
26433
25399
25400
25401
25402
25403
25443
25444
25446
25450
25452
27613
25455
25458
25460
25684
25685
25985
25987
26029
26031
26117
26122
26130
26135
26136
26137
26138
26145
26146
26147
26149
26155
26174
26183
26197
26198
26199
26200
26214
26341
26342
26384
27453
26429
26430
26456
26699
29115
26700
26706
27588
26707
26708
27581
26709
27112
29162
26710
27113
27114
29267
29268
29450
26717
27116
27117
27967
27968
29241
26718
27118
27119
27120
27121
27122
27568
27569
27635
26723
29504
26726
29388
26728
26730
27130
27131
27132
27133
27134
28935
28949
28950
28968
28969
28970
28971
26738
26742
28967
26745
26765
28908
28909
26785
26788
29099
29100
26790
27162
27163
27164
27165
27166
27167
27168
28985
28986
29004
29005
29021
29022
29023
29024
29025
26848
26852
27169
27170
27171
27172
27173
28937
28938
29461
29470
26900
27323
27335
27336
27636
27637
27334
27340
27342
27365
28923
27367
27369
27378
29275
27379
27380
27409
27410
27445
27455
27457
27460
27471
27472
27483
27519
27537
27538
27539
27551
27599
27737
27738
27798
27820
27870
27884
27897
27901
27953
27961
27971
27972
28148
29089
29090
28151
28570
28571
28572
28573
28574
28575
28576
29066
29067
29068
29081
29101
30628
30640
28155
29131
28158
28588
28590
28591
28592
28594
28595
28600
28601
28602
28603
28604
28608
28610
28612
28613
28614
28615
28616
28618
28619
28620
28624
28630
28631
28632
28635
28639
28640
28642
28643
28645
28646
29276
29277
30574
30575
30576
30585
30587
30592
30593
30594
30601
30602
30613
30614
30615
30744
30753
30754
30769
30770
30771
30787
30788
25390
30789
30801
30802
30803
30804
30823
30824
30833
30973
28179
28180
28181
28184
28187
28195
28202
28206
28212
28291
28294
28972
28298
28481
28486
28487
28796
30660
28878
28906
28914
28915
28916
28974
28989
28990
29012
29037
29038
29069
29039
29040
29087
29208
30646
29481
29491
30072
30606
30607
30656
30658
30763
30764
30798
30872
30873
30876
30887
1104
492
500
501
503
1513
513
515
518
2309
520
521
522
524
525
527
528
529
551
552
554
889
892
893
899
901
902
904
908
911
913
918
919
922
923
928
929
931
430
1654
1668
1669
2201
2203
2212
2214
2215
2516
2217
2223
2225
2226
2320
2321
3183
3710
3186
3187
3188
3189
3190
3192
3199
3201
3712
3202
3450
3203
3204
3206
3209
4289
3210
3219
3221
3228
3230
3233
3237
3242
3247
3248
3249
3250
3251
3256
3257
3259
3260
3261
3262
3263
3264
3265
3266
3267
3268
3269
3270
3271
3272
3273
3282
3283
3284
3285
3286
3287
3288
3361
3576
3577
3578
3579
3580
3581
3582
3583
3595
4168
4169
4170
4171
4172
4173
4174
4176
4177
4181
4182
4183
4193
4196
4202
4206
4208
4215
4438
4926
4928
5359
4938
4941
4943
4944
4945
28196
4946
4947
6139
6145
4948
4949
6146
4950
4951
4952
4953
4959
4962
4963
4966
4974
5250
4976
4980
4981
4982
4983
4984
4985
4986
5355
5357
5358
5361
4987
4988
4992
4993
4994
4995
5001
5010
5011
5013
5750
7172
7173
7174
5751
5752
5753
6292
6295
6296
5754
5755
6258
7191
5758
5760
6393
5762
5769
5775
5777
5778
5780
5782
5783
5784
5785
5786
6390
6394
7183
7184
7185
5791
5798
5799
5800
5801
5808
7209
6264
5810
5812
5813
5814
5815
5816
5818
5832
5834
5837
6102
6105
6106
6108
7231
7232
7233
7217
7234
6931
6934
7329
6935
6948
7190
7340
6950
7374
6951
6952
6953
6954
6955
6956
7250
6971
6972
7323
7324
6973
6974
6975
7368
7404
6977
6978
8491
7227
7355
7895
7896
7900
7906
7907
7908
7914
7915
8477
8557
7916
7918
7919
8566
7920
7921
7924
7939
9792
8269
8270
8271
9331
9332
10851
9333
9334
9335
9336
9341
10862
9345
11799
9368
9369
9370
9372
9374
9376
9377
9382
9383
9385
9389
9390
9391
9392
9393
9394
9405
9409
9410
9411
9412
9413
9414
9415
10790
9416
9417
9418
9419
9420
9424
9425
9426
9427
9429
9430
9432
9897
10413
10786
10797
10439
10440
10446
10448
10460
10465
10466
10467
10800
10802
10484
10485
10488
10744
10794
10747
11710
11711
11713
11715
11716
12037
11717
12016
12017
12018
11718
11719
11721
11728
11729
11730
11732
11735
11737
13123
11739
11741
11742
11744
11746
11747
12092
13126
11748
12001
12002
11751
11977
12007
11752
11753
11757
11758
11759
12010
11765
11796
11859
11864
11865
11866
11867
12096
11868
11870
11874
11876
11877
12014
12091
11996
11997
11998
12175
12177
12178
12179
12180
12181
12182
12185
12189
12191
12243
12244
12249
12251
12253
12257
12258
12259
12260
12261
13127
12262
12263
13116
13117
12265
12266
12267
12268
12269
12270
13155
12271
12272
12274
12276
12277
12278
12279
12280
12281
12300
13194
12879
12880
13190
12882
13135
13136
13137
13213
13374
14348
13377
13379
13380
13391
13392
13394
13397
13398
13401
13402
13403
13404
13405
13442
13443
13444
14333
13446
13447
14338
13448
13449
14343
13451
13452
14345
14346
13456
14354
13458
13459
15578
15581
13462
13463
13464
13465
13466
13467
13468
13469
13470
13471
13472
13473
13474
13475
14371
14372
13476
13477
13478
13479
13480
14380
13481
14448
13482
15560
13483
13484
15573
13485
13486
13487
13488
13489
13490
15571
13491
13492
13493
13494
13495
13496
13497
13498
13499
13500
13501
13502
13503
13504
13505
13507
15266
13517
13518
13992
13998
14010
14011
14012
14013
14017
14018
14349
14350
14351
14437
15572
15574
15579
15582
15588
15589
14022
14023
14024
14025
14361
14028
14379
14236
13450
13453
13455
13457
14386
14389
14390
15091
15092
15643
15095
16366
16491
16513
15097
15099
15100
15101
15102
15103
15107
15108
15110
15111
15112
15115
15116
15120
15122
15124
15125
15126
15130
15133
15135
15155
15162
15164
15165
15169
15173
16264
15174
16263
15176
16572
16598
15177
15658
15181
15666
15667
15296
15301
15302
15303
15304
15307
15308
15312
15313
15314
15315
15317
15321
15367
15368
15369
15370
15379
15583
16120
16127
16524
16525
16526
16135
16136
16226
16227
16228
16229
16230
16231
16232
16233
17540
17541
17548
17549
16234
16236
16237
16523
17313
16278
16282
16285
16292
16303
16304
16355
17536
16545
16576
17162
17170
17490
18702
18703
17184
17185
17186
17187
17189
17190
17198
18718
17202
17698
17203
17208
18353
17209
17498
18767
18784
17210
17499
17500
18770
17211
17501
17502
18711
18824
18853
17212
17503
17504
18847
17213
17216
17217
17219
17476
17477
17480
17481
17482
17483
18757
18222
18238
18239
19695
18240
18241
19697
18253
18254
18255
18256
18257
18258
18259
18260
18261
18262
18263
18264
18267
18268
18723
18269
18712
18713
18714
18715
18716
18282
18882
18283
18287
18288
18293
18294
18296
18298
18457
19895
18458
18463
18470
18610
18611
18818
18631
18633
18634
18771
18772
18773
19564
20880
20881
19565
19938
19566
20852
20853
20854
20855
20858
19568
19914
19577
20814
20815
20816
19580
19581
19582
19583
20630
20631
4971
4973
15094
20634
20636
20797
19586
19587
19588
19589
19590
19591
19947
19593
20862
20863
19594
19595
19596
19597
19598
20626
20627
20628
20629
20805
20806
20811
20817
19749
20129
19753
19754
19755
19756
19757
19758
19759
19760
19761
19762
19763
19764
19765
19772
19774
19886
20502
20504
20515
20517
20520
20526
20530
22123
22124
22125
4967
20531
20868
20532
21074
20533
20534
20535
20536
20537
20538
20545
20551
20778
21131
21132
21133
21134
20786
20787
21864
21865
21872
21873
20828
21059
21062
21063
21528
21957
21958
21529
21956
21969
21972
21973
21534
21535
21856
21857
21880
21893
21894
21895
21536
21537
22738
22739
22741
24629
24660
21538
23045
23191
21539
21545
21546
21548
21549
22685
21550
21551
21552
22953
21553
23027
23159
21554
21555
23051
23052
23121
23136
23246
23247
21556
22022
22046
22047
22048
22053
22054
21562
21570
21571
21704
22072
22073
21705
23026
23181
21706
23127
22635
22882
22643
22894
23086
22644
22888
23064
23084
22645
22863
22864
22653
24614
24615
22654
22852
22656
23337
23359
24630
22717
23342
22723
22724
22725
23105
23111
23112
23157
24338
26142
23363
23839
24300
24301
24302
24303
26134
23840
26365
26366
23843
24505
24506
24507
24508
24509
24510
26215
26479
23848
23849
24277
24278
24279
24650
24659
23856
26190
23857
24471
24939
23858
24327
24328
24969
23859
24517
26399
26400
24740
24741
24742
26234
24744
24745
26364
26373
24746
24928
24929
25466
25838
25839
25840
25841
26221
27253
27254
27255
25468
25902
25903
25904
26244
27614
25481
25483
25484
25827
25828
26207
26208
27530
27531
25490
25491
25492
25493
26051
26053
26056
26058
26059
26060
26061
26064
26066
26070
26092
26093
26094
26095
27465
27466
26075
26101
26102
26103
26076
26104
28492
26139
26140
26148
26166
26186
26482
26913
29447
26914
27189
27190
27191
27192
27969
29486
29511
29512
29513
26915
26916
26917
26918
26921
26924
26925
26926
27193
29343
26927
26928
29326
26929
26930
27194
27195
27196
27197
28371
28484
29493
29494
29517
26931
27198
27199
27200
27201
27549
27560
27561
27562
27586
29006
29007
29026
29027
26935
26937
28982
28983
28984
26940
26941
26942
26943
27210
26944
29422
29423
26946
27215
28921
28922
29065
26949
27221
27222
27223
27224
27571
27582
27607
27608
26950
29047
26951
26952
26953
29413
29424
26955
27343
27381
27382
27383
27399
27404
29048
29049
29050
27446
27461
27474
27526
27723
27790
27874
27885
27924
27955
28303
28672
28673
30080
28321
28323
28334
28335
28336
28799
28818
28825
30477
30478
28827
30577
30578
30579
28869
28942
28960
28993
29060
29070
29498
29508
30278
30279
30282
30283
30284
30285
30846
26383
27268
30860
30883
30336
30359
30030
30038
30039
30040
30041
30042
1190
1226
1227
1281
27864
27867
27868
27869
28476
28477
28478
28479
581
441
582
951
1672
2405
1694
1695
2483
1696
2239
2312
2240
2242
2243
2244
2245
2246
2247
2252
2255
3306
3307
3355
3356
4273
4274
4275
4276
5015
5016
5017
5018
5019
5020
5021
5022
6164
5038
5039
7016
7017
7018
7328
7019
7020
8034
8035
8036
26105
2406
2409
9717
8229
8591
8592
8593
8594
8595
8596
8597
9575
9578
9593
9596
9718
8601
8602
8603
8604
8605
8606
8607
8608
8609
8610
8611
8612
8613
8614
8615
8616
8617
8619
8620
8621
8622
8623
8624
8625
8626
8627
8628
8629
8630
10490
10492
10753
11775
11786
11788
11789
11791
12043
12044
12123
12128
12213
12045
12046
12047
12048
12129
12135
12137
12138
12049
12050
12051
12218
12219
12220
12222
12223
12052
12053
12054
12227
12230
12231
12232
12233
12234
12198
12287
13024
12289
13185
13257
12294
13124
13125
12924
13129
13130
13196
13214
13216
13519
13522
13525
14029
14030
14032
14033
14051
14052
15193
15195
15263
15264
16162
16175
16176
16178
16179
16180
16181
16182
16183
16184
16185
16186
16187
16188
16189
16190
16191
16450
16451
16452
16455
16456
16457
16458
16459
16460
16461
16462
16463
16620
16641
16644
17416
17417
17535
17542
17546
17552
17556
17573
17633
17634
18709
18719
18730
16194
16195
2313
12055
16197
16445
16447
16448
16449
16612
16621
17414
17486
17544
17561
17603
17640
18720
18722
18729
18750
16290
16340
16341
16342
16343
17234
17235
17287
17288
17289
17290
17291
17292
17293
17294
17295
17296
17297
17298
17299
17300
17301
17302
17303
17304
17306
17307
17308
17309
17310
17311
18076
18077
18078
18079
18089
21390
21391
21392
26696
27942
26697
13639
24504
7509
12439
12440
12441
12442
12443
16746
9135
9141
16821
25093
27816
5323
14383
18063
19441
21649
24980
23614
26676
30175
30701
836
2134
2136
2138
2142
3104
3142
3973
4026
4056
4136
4812
4842
4845
4847
7782
7795
7796
4902
6793
6879
9229
9278
10722
11674
11678
12748
13211
13418
13957
13962
13963
15023
15048
16111
17130
18166
19461
20888
19529
19561
19617
19632
20405
20411
21057
20771
21465
21493
22040
22066
22267
22565
25007
24316
24317
25011
23766
23780
26361
24501
24806
24807
25264
25368
27346
25875
25884
27683
26753
26888
26902
26904
27248
27781
28286
28290
29225
29405
29414
531
1649
1652
1653
2202
3445
3584
5826
5827
6107
7321
9804
8268
10463
10804
4940
13388
14406
15084
15104
16128
17563
17197
18689
18233
18781
18782
20023
22143
20915
22120
20785
23211
23332
23182
26436
26911
29273
27232
24602
5034
6217
24488
