ObsId
3412
5366
6315
6316
6317
6318
6338
6339
6340
6341
6342
6343
5370
6350
6351
6352
6281
6326
6327
5368
6328
6329
7405
8216
8217
8219
8220
12317
25999
26000
626
630
971
2552
2578
3759
4510
5386
5387
5421
6431
6439
7425
8559
7442
8915
8919
9931
11014
11022
12326
12331
14235
12354
12369
12385
12393
12395
12397
12398
13603
13606
13607
13609
13618
13639
13642
13653
14421
21543
22052
21544
21547
21561
13659
13661
13665
14401
14402
14459
14474
14530
14588
15536
15537
15642
15702
15707
15711
15713
15720
15725
15726
16577
16631
16647
18756
16649
16651
16652
17534
16660
29730
