1463 24.68359814315369 8.708503181552839 1.7834521471688551 0.22759985940267585 9.695898056030273
17708 284.29391275179313 -20.864164430424154 7.310356909494496 0.70436165505221 5.781067848205566
17709 284.32088384225955 -20.894216805987558 3.5056299733861787 0.2097557666835317 17.43198013305664
25103 354.9160761131271 -69.19603365833444 0.20476963022934017 0.011714725988279192 1353.5911865234375
25105 354.9154384253299 -69.19494597715334 0.19837418602621423 0.016098773179245893 736.907958984375
25993 45.460074086097194 -16.5935789873728 0.2606580299726779 0.04308809195383888 253.0137939453125
27882 45.459936624506156 -16.59338534224434 0.3575574088751786 0.031860292557388474 418.927001953125
13 56.60581649878963 24.160193420859954 7.041585762374482 0.13921686436057848 98.75155639648438
366 56.64801491428161 24.02650239991879 4.525429671041816 0.05586343605061473 278.51287841796875
18 83.7882345010873 -5.516053363179786 8.076036588874285 0.18110672011581552 46.11821746826172
19 285.4693247678097 -36.94993784261837 1.6873076486425127 0.1000474576798809 28.546756744384766
21 84.13707583445152 -6.739122826163302 2.202771125299452 0.03724253512580005 186.30950927734375
606 55.99884907479116 32.23415014739087 8.704186202102541 0.120175508857946 262.96600341796875
