8218
626
635
637
971
4470
4471
4514
4418
7439
7446
9841
9923
11012
13624
14540
15724
16650
16666
17249
17256
17257
22333
23324
23413
23864
946
1007
3778
7458
16687
3785
10026
10027
11033
13018
13686
13728
13734
14471
15771
17678
17867
20207
23476
23477
23479
23487
23491
731
2790
2791
2795
3838
4630
4631
6661
7607
23474
4394
4404
10127
10708
12301
19029
20998
23171
28964
27863
316
324
782
803
1587
2021
2025
2028
2917
2941
4688
4725
4732
5322
6114
6170
5944
5945
5948
6097
7081
8176
9540
9546
9548
9776
10535
10542
10544
10545
11800
11361
12951
12953
12993
12994
13202
13815
13816
16031
16354
18047
18048
19981
18051
19685
19992
19993
18054
19982
18062
18064
18065
18070
18071
19333
19439
20925
22475
22478
22481
24393
25989
25990
25240
27832
28102
30164
30892
30738
379
434
807
864
866
1622
1808
2126
2137
2139
2144
2145
2148
2194
2197
3004
3009
3013
3956
3987
4004
4054
4130
4814
4871
4877
4878
4879
5709
5736
6842
6858
6903
7303
7798
7799
7800
8490
7874
8247
9181
9182
9217
9800
9238
9282
10348
12011
11501
11542
11543
11544
11545
12753
12863
12865
12873
13859
13901
14504
14508
14511
15012
15022
15618
15621
15037
15038
16322
15063
16093
17091
17099
17607
18141
19618
19620
19621
19622
19623
19624
19625
21995
20034
20035
21047
20772
21402
21424
22928
21076
22057
22091
22152
22537
22558
22559
23349
26454
24461
23820
24798
24800
24801
24802
24803
24804
24995
24752
26243
26444
25369
26455
26729
27145
27151
27154
27883
27898
28917
29186
29187
29361
29386
3666
494
325
326
900
27259
2207
2227
3214
3223
4197
4199
5294
2204
5790
7210
7211
5838
6112
6932
6942
6945
10415
10461
12878
12884
14016
14021
15132
15136
15316
16613
5828
6186
15614
16281
17494
17180
17654
17615
18218
18224
18248
19699
19935
19570
22164
21081
20585
22189
20952
22104
22106
22108
23053
23240
24639
24641
24661
21563
22650
22651
27205
5287
5288
12028
16434
21831
957
967
5887
8552
8021
9759
8636
9875
9456
9506
11779
12290
12926
12928
15211
15214
15220
15239
15247
18479
1463
17708
17709
25104
25105
25106
366
18
1522
19
21
606
624
634
642
1867
1872
1878
1882
2522
2539
2548
2549
3364
3498
3499
3744
4374
